0.PE2-PESTF_0.1	799684	809786	10102	0.0098990
0.PE2-PESTF_0.1	798909	799561	652	0.0000000
0.PE2-PESTF_0.1	811232	825481	14249	0.0000000
0.PE2-PESTF_0.1	826334	826948	614	0.0000000
0.PE2-PESTF_0.1	827139	856920	29781	0.0000000
0.PE2-PESTF_0.1	1071375	1074720	3345	0.0000000
0.PE2-PESTF_0.1	1108907	1145917	37010	0.0000000
0.PE2-PESTF_0.1	2554180	2562891	8711	0.0000000
ABI745_HiSeqL5L6	2554161	2562915	8754	0.0000000
ABI843_nonUDG	1124062	1125696	1634	0.2870257
ABI843_nonUDG	2554163	2562908	8745	0.0000000
ABI910_6POST	246071	246628	557	0.6391382
ABI910_6POST	544296	544872	576	0.6875000
ABI910_6POST	906102	906705	603	0.6799337
ABI910_6POST	1123815	1125755	1940	0.3907216
ABI910_6POST	1972375	1973010	635	0.7968504
ABI910_6POST	1992818	1993418	600	0.7033333
ABI910_6POST	1993988	1994574	586	0.5853242
ABI910_6POST	2694116	2694635	519	0.5973025
ABI910_6POST	2887091	2900747	13656	0.0045401
ABI910_6POST	2969099	2969629	530	0.6396226
ABI910_6POST	3118516	3128505	9989	0.0202222
ABI910_6POST	3285673	3286198	525	0.7295238
ABI910_6POST	3999114	4000078	964	0.7603735
ABI910_6POST	4100846	4102553	1707	0.1634446
ABI910_6POST	4102683	4103262	579	0.0604490
ABI910_6POST	4325968	4326488	520	0.7153846
ABI910_6POST	2554166	2562914	8748	0.0000000
ABI910_6POST	3129749	3140429	10680	0.0000000
ABI910_6POST	3142372	3144179	1807	0.0000000
ABI933_1343UNTA85	1124072	1125679	1607	0.4573740
ABI933_1343UNTA85	2887086	2900730	13644	0.0057901
ABI933_1343UNTA85	3118560	3127004	8444	0.0035528
ABI933_1343UNTA85	3129769	3140505	10736	0.0045641
ABI933_1343UNTA85	2554161	2562911	8750	0.0000000
ABI933_1343UNTA85	3127149	3128456	1307	0.0000000
ABI933_1343UNTA85	3142353	3144178	1825	0.0000000
ARS007_libmerged	3923	4711	788	0.6586294
ARS007_libmerged	22189	22790	601	0.5074875
ARS007_libmerged	89364	89928	564	0.7021276
ARS007_libmerged	109079	109857	778	0.5719795
ARS007_libmerged	110086	110623	537	0.4953445
ARS007_libmerged	115059	115787	728	0.6799451
ARS007_libmerged	120215	120723	508	0.4704725
ARS007_libmerged	141860	142815	955	0.7832461
ARS007_libmerged	174048	174677	629	0.7503974
ARS007_libmerged	199394	199894	500	0.6300000
ARS007_libmerged	236734	237492	758	0.5290238
ARS007_libmerged	242780	243525	745	0.6765101
ARS007_libmerged	252826	253698	872	0.3979358
ARS007_libmerged	288702	289503	801	0.5692884
ARS007_libmerged	301083	302888	1805	0.5080332
ARS007_libmerged	303447	304484	1037	0.7444552
ARS007_libmerged	306220	307022	802	0.3653367
ARS007_libmerged	316871	317992	1121	0.6859946
ARS007_libmerged	321742	322548	806	0.6066998
ARS007_libmerged	324255	324837	582	0.7646048
ARS007_libmerged	364206	365161	955	0.7235602
ARS007_libmerged	389833	390569	736	0.6644022
ARS007_libmerged	407965	408871	906	0.4690949
ARS007_libmerged	409177	411587	2410	0.4307054
ARS007_libmerged	416280	417488	1208	0.6655629
ARS007_libmerged	424803	425322	519	0.6974952
ARS007_libmerged	437269	437878	609	0.6338260
ARS007_libmerged	442450	443271	821	0.6455542
ARS007_libmerged	462989	463495	506	0.7312253
ARS007_libmerged	464733	465422	689	0.6835994
ARS007_libmerged	472358	472935	577	0.3864818
ARS007_libmerged	475285	476021	736	0.5978261
ARS007_libmerged	480170	480747	577	0.8249567
ARS007_libmerged	483920	484443	523	0.7284895
ARS007_libmerged	488013	488812	799	0.6695870
ARS007_libmerged	489674	490318	644	0.7919255
ARS007_libmerged	491172	492114	942	0.6496815
ARS007_libmerged	493374	493918	544	0.6544118
ARS007_libmerged	495296	495931	635	0.3952756
ARS007_libmerged	496098	496672	574	0.5400697
ARS007_libmerged	520909	521473	564	0.3634752
ARS007_libmerged	526610	527177	567	0.6684303
ARS007_libmerged	530406	531263	857	0.3873979
ARS007_libmerged	531981	532694	713	0.4656382
ARS007_libmerged	535396	536089	693	0.7330447
ARS007_libmerged	544315	544818	503	0.4671968
ARS007_libmerged	579417	580269	852	0.3861502
ARS007_libmerged	635472	635992	520	0.1961538
ARS007_libmerged	639748	640315	567	0.6225750
ARS007_libmerged	647061	647645	584	0.2089041
ARS007_libmerged	658968	659578	610	0.3983607
ARS007_libmerged	663115	663708	593	0.7925801
ARS007_libmerged	667847	668417	570	0.7228070
ARS007_libmerged	669601	670140	539	0.7328386
ARS007_libmerged	683631	684296	665	0.4015038
ARS007_libmerged	685773	686339	566	0.7279152
ARS007_libmerged	686817	687470	653	0.3675345
ARS007_libmerged	691566	692330	764	0.5536649
ARS007_libmerged	696570	697139	569	0.7188049
ARS007_libmerged	708323	708935	612	0.6862745
ARS007_libmerged	746290	747220	930	0.6096774
ARS007_libmerged	748112	748612	500	0.4640000
ARS007_libmerged	752291	752798	507	0.4418146
ARS007_libmerged	754972	755673	701	0.5206847
ARS007_libmerged	758138	785317	27179	0.0060709
ARS007_libmerged	786013	796362	10349	0.0300512
ARS007_libmerged	801066	801652	586	0.5614334
ARS007_libmerged	803084	803592	508	0.5807087
ARS007_libmerged	804227	804826	599	0.6694491
ARS007_libmerged	805772	806332	560	0.5232143
ARS007_libmerged	807515	808119	604	0.3758278
ARS007_libmerged	812150	812727	577	0.7036395
ARS007_libmerged	815801	816415	614	0.5228013
ARS007_libmerged	833321	833900	579	0.2987910
ARS007_libmerged	834021	834752	731	0.6251710
ARS007_libmerged	841507	842082	575	0.7217391
ARS007_libmerged	845183	845754	571	0.3134851
ARS007_libmerged	846392	846922	530	0.6226415
ARS007_libmerged	847054	847641	587	0.7052811
ARS007_libmerged	849884	850398	514	0.7198443
ARS007_libmerged	864120	864726	606	0.6089109
ARS007_libmerged	884056	885297	1241	0.2989525
ARS007_libmerged	885433	886080	647	0.4775889
ARS007_libmerged	886375	887233	858	0.4160839
ARS007_libmerged	887895	888783	888	0.4819820
ARS007_libmerged	888896	889542	646	0.2136223
ARS007_libmerged	891153	892044	891	0.4455668
ARS007_libmerged	893173	893827	654	0.5305811
ARS007_libmerged	894220	894756	536	0.4757463
ARS007_libmerged	895900	896427	527	0.3605313
ARS007_libmerged	896606	897420	814	0.1265356
ARS007_libmerged	898913	899415	502	0.5498008
ARS007_libmerged	900275	900852	577	0.5580589
ARS007_libmerged	901713	902275	562	0.4982207
ARS007_libmerged	909494	910043	549	0.6775956
ARS007_libmerged	918511	919055	544	0.5238971
ARS007_libmerged	934703	935205	502	0.5199203
ARS007_libmerged	942421	942925	504	0.7619048
ARS007_libmerged	947529	948040	511	0.4911937
ARS007_libmerged	951433	952063	630	0.7761905
ARS007_libmerged	953878	954946	1068	0.3202247
ARS007_libmerged	963070	963582	512	0.5644531
ARS007_libmerged	964125	964700	575	0.7078261
ARS007_libmerged	968991	969682	691	0.4761216
ARS007_libmerged	978186	978721	535	0.7719626
ARS007_libmerged	982646	983229	583	0.6518010
ARS007_libmerged	986107	986623	516	0.5465117
ARS007_libmerged	989358	991082	1724	0.4866589
ARS007_libmerged	997908	998418	510	0.6529412
ARS007_libmerged	1027116	1027714	598	0.6204013
ARS007_libmerged	1035954	1036470	516	0.7790698
ARS007_libmerged	1036810	1037606	796	0.7386935
ARS007_libmerged	1038404	1038913	509	0.5127701
ARS007_libmerged	1039158	1040315	1157	0.4615385
ARS007_libmerged	1040716	1041277	561	0.3582888
ARS007_libmerged	1041865	1042404	539	0.4879406
ARS007_libmerged	1042530	1043616	1086	0.5819521
ARS007_libmerged	1043736	1044941	1205	0.2721992
ARS007_libmerged	1045525	1046053	528	0.3371212
ARS007_libmerged	1046231	1047072	841	0.3353151
ARS007_libmerged	1048906	1049429	523	0.5181645
ARS007_libmerged	1051995	1052549	554	0.6371841
ARS007_libmerged	1059243	1059971	728	0.7472528
ARS007_libmerged	1062912	1063571	659	0.5751138
ARS007_libmerged	1065414	1065954	540	0.3944444
ARS007_libmerged	1066615	1067573	958	0.3903967
ARS007_libmerged	1071642	1072612	970	0.6206186
ARS007_libmerged	1077416	1077959	543	0.6998158
ARS007_libmerged	1086754	1088139	1385	0.4873646
ARS007_libmerged	1088855	1089386	531	0.4312618
ARS007_libmerged	1091298	1091816	518	0.5231660
ARS007_libmerged	1100085	1100729	644	0.8680124
ARS007_libmerged	1116708	1117755	1047	0.5062082
ARS007_libmerged	1119008	1119945	937	0.5325507
ARS007_libmerged	1124075	1125700	1625	0.3907692
ARS007_libmerged	1140011	1140600	589	0.3887946
ARS007_libmerged	1170785	1171374	589	0.5721562
ARS007_libmerged	1214553	1215161	608	0.6480263
ARS007_libmerged	1230358	1230914	556	0.8111511
ARS007_libmerged	1231566	1232165	599	0.6944908
ARS007_libmerged	1234235	1234763	528	0.5246212
ARS007_libmerged	1240664	1241272	608	0.3963816
ARS007_libmerged	1242154	1243042	888	0.6092342
ARS007_libmerged	1247670	1248361	691	0.6324168
ARS007_libmerged	1281708	1282272	564	0.5496454
ARS007_libmerged	1285025	1286012	987	0.6089159
ARS007_libmerged	1286596	1287490	894	0.6208054
ARS007_libmerged	1294323	1294843	520	0.7230769
ARS007_libmerged	1301994	1302875	881	0.6980703
ARS007_libmerged	1307700	1308224	524	0.6946565
ARS007_libmerged	1310740	1311242	502	0.5119522
ARS007_libmerged	1321786	1323647	1861	0.4927458
ARS007_libmerged	1327471	1328194	723	0.5739973
ARS007_libmerged	1333935	1334777	842	0.5154395
ARS007_libmerged	1342520	1343084	564	0.7340425
ARS007_libmerged	1343513	1344063	550	0.3818182
ARS007_libmerged	1344714	1345286	572	0.6188811
ARS007_libmerged	1349574	1350773	1199	0.6080067
ARS007_libmerged	1352317	1352861	544	0.7040441
ARS007_libmerged	1353792	1354590	798	0.6992481
ARS007_libmerged	1363017	1363565	548	0.5383212
ARS007_libmerged	1377690	1378797	1107	0.6585366
ARS007_libmerged	1381163	1382496	1333	0.5056264
ARS007_libmerged	1387314	1388117	803	0.4906600
ARS007_libmerged	1389002	1389654	652	0.6472393
ARS007_libmerged	1389909	1390466	557	0.6391382
ARS007_libmerged	1391957	1392479	522	0.5593870
ARS007_libmerged	1396172	1396738	566	0.8003533
ARS007_libmerged	1397496	1398095	599	0.6410685
ARS007_libmerged	1401526	1402043	517	0.5647969
ARS007_libmerged	1405824	1406357	533	0.7129456
ARS007_libmerged	1410450	1410957	507	0.4891519
ARS007_libmerged	1411127	1411680	553	0.6166365
ARS007_libmerged	1430317	1430990	673	0.6612184
ARS007_libmerged	1447779	1448548	769	0.7126138
ARS007_libmerged	1450820	1451396	576	0.6770833
ARS007_libmerged	1451767	1452478	711	0.7637131
ARS007_libmerged	1460850	1461449	599	0.4090150
ARS007_libmerged	1461765	1462739	974	0.4024641
ARS007_libmerged	1462968	1463609	641	0.3884555
ARS007_libmerged	1464410	1465267	857	0.7001167
ARS007_libmerged	1468305	1469157	852	0.5622066
ARS007_libmerged	1470296	1470906	610	0.6180328
ARS007_libmerged	1475446	1476111	665	0.5233083
ARS007_libmerged	1478167	1478900	733	0.6930423
ARS007_libmerged	1479596	1480102	506	0.6956522
ARS007_libmerged	1487507	1488739	1232	0.4058442
ARS007_libmerged	1505459	1506084	625	0.2944000
ARS007_libmerged	1528596	1529419	823	0.8201701
ARS007_libmerged	1530149	1530788	639	0.6885759
ARS007_libmerged	1532993	1533629	636	0.5943396
ARS007_libmerged	1545494	1546209	715	0.6699300
ARS007_libmerged	1555223	1555983	760	0.7250000
ARS007_libmerged	1556281	1557234	953	0.4984260
ARS007_libmerged	1558436	1558936	500	0.6780000
ARS007_libmerged	1561020	1561774	754	0.5225464
ARS007_libmerged	1566660	1568314	1654	0.5344619
ARS007_libmerged	1569390	1570106	716	0.5768157
ARS007_libmerged	1576354	1577211	857	0.5344224
ARS007_libmerged	1597916	1598796	880	0.8056818
ARS007_libmerged	1607698	1608474	776	0.6868557
ARS007_libmerged	1634645	1635267	622	0.7443730
ARS007_libmerged	1635379	1636140	761	0.6714849
ARS007_libmerged	1642369	1643047	678	0.6828908
ARS007_libmerged	1645859	1647163	1304	0.5214724
ARS007_libmerged	1649582	1650337	755	0.4940397
ARS007_libmerged	1650687	1651194	507	0.6134122
ARS007_libmerged	1653635	1656080	2445	0.5979550
ARS007_libmerged	1670463	1671077	614	0.3892508
ARS007_libmerged	1673338	1674718	1380	0.5898551
ARS007_libmerged	1675921	1676619	698	0.3137536
ARS007_libmerged	1683344	1684718	1374	0.4308588
ARS007_libmerged	1690594	1691457	863	0.5909618
ARS007_libmerged	1692822	1693985	1163	0.5210662
ARS007_libmerged	1696990	1698730	1740	0.5988505
ARS007_libmerged	1698835	1699470	635	0.5370079
ARS007_libmerged	1701102	1702037	935	0.4620321
ARS007_libmerged	1703371	1703996	625	0.4528000
ARS007_libmerged	1711851	1712537	686	0.6472303
ARS007_libmerged	1713630	1714160	530	0.4792453
ARS007_libmerged	1716498	1717074	576	0.5607639
ARS007_libmerged	1718855	1719360	505	0.8693069
ARS007_libmerged	1720181	1720754	573	0.7050611
ARS007_libmerged	1724948	1726061	1113	0.4743935
ARS007_libmerged	1738337	1738956	619	0.4991922
ARS007_libmerged	1739111	1739772	661	0.4326778
ARS007_libmerged	1740858	1741372	514	0.6108949
ARS007_libmerged	1741546	1742066	520	0.6365384
ARS007_libmerged	1742687	1743294	607	0.6771005
ARS007_libmerged	1753398	1753996	598	0.4632107
ARS007_libmerged	1762278	1762810	532	0.5864662
ARS007_libmerged	1764827	1765841	1014	0.6893491
ARS007_libmerged	1770483	1771196	713	0.6956522
ARS007_libmerged	1782295	1782805	510	0.3372549
ARS007_libmerged	1786531	1787284	753	0.6414343
ARS007_libmerged	1791663	1792424	761	0.6570302
ARS007_libmerged	1798960	1799934	974	0.8172485
ARS007_libmerged	1833830	1834520	690	0.5985507
ARS007_libmerged	1839427	1840006	579	0.5803109
ARS007_libmerged	1851292	1851880	588	0.6326531
ARS007_libmerged	1853103	1853616	513	0.7231969
ARS007_libmerged	1855943	1856554	611	0.4942717
ARS007_libmerged	1857679	1858255	576	0.7065972
ARS007_libmerged	1863390	1864190	800	0.5812500
ARS007_libmerged	1867467	1868114	647	0.5765070
ARS007_libmerged	1870450	1871035	585	0.7470086
ARS007_libmerged	1871211	1871960	749	0.5500668
ARS007_libmerged	1873716	1874224	508	0.7716535
ARS007_libmerged	1875069	1875851	782	0.5000000
ARS007_libmerged	1876604	1877125	521	0.5278311
ARS007_libmerged	1877259	1877774	515	0.5514563
ARS007_libmerged	1879678	1880241	563	0.4902309
ARS007_libmerged	1881724	1882487	763	0.6684142
ARS007_libmerged	1882893	1883529	636	0.6776730
ARS007_libmerged	1886609	1887603	994	0.6207243
ARS007_libmerged	1891277	1892108	831	0.5872443
ARS007_libmerged	1893102	1893627	525	0.7676191
ARS007_libmerged	1899163	1900013	850	0.6223530
ARS007_libmerged	1901111	1902017	906	0.6048565
ARS007_libmerged	1906544	1907083	539	0.4730983
ARS007_libmerged	1911641	1912317	676	0.8210059
ARS007_libmerged	1917752	1918302	550	0.4872727
ARS007_libmerged	1920011	1920652	641	0.6006240
ARS007_libmerged	1922460	1923525	1065	0.5549296
ARS007_libmerged	1930766	1931347	581	0.6574871
ARS007_libmerged	1932391	1933008	617	0.5705025
ARS007_libmerged	1936284	1937009	725	0.5668966
ARS007_libmerged	1937761	1938809	1048	0.5076336
ARS007_libmerged	1942874	1943423	549	0.7941712
ARS007_libmerged	1947592	1948213	621	0.4444444
ARS007_libmerged	1952637	1953226	589	0.6536503
ARS007_libmerged	1959581	1960185	604	0.6655629
ARS007_libmerged	1961028	1961693	665	0.4210526
ARS007_libmerged	1963619	1964286	667	0.5667167
ARS007_libmerged	1967561	1968091	530	0.5641509
ARS007_libmerged	1969232	1970153	921	0.6264929
ARS007_libmerged	1987210	1988050	840	0.4190476
ARS007_libmerged	1988533	1989167	634	0.6056783
ARS007_libmerged	1997697	1998218	521	0.4529750
ARS007_libmerged	1998918	1999433	515	0.7184466
ARS007_libmerged	2000333	2000981	648	0.6682099
ARS007_libmerged	2003528	2004073	545	0.4788991
ARS007_libmerged	2006485	2007093	608	0.5230263
ARS007_libmerged	2012360	2013218	858	0.7261072
ARS007_libmerged	2017929	2018605	676	0.4926035
ARS007_libmerged	2020305	2020897	592	0.7466216
ARS007_libmerged	2027692	2028383	691	0.2894356
ARS007_libmerged	2033241	2033742	501	0.6187625
ARS007_libmerged	2038308	2038857	549	0.3788707
ARS007_libmerged	2040893	2041516	623	0.5939005
ARS007_libmerged	2042082	2042639	557	0.7199282
ARS007_libmerged	2044567	2045110	543	0.6040516
ARS007_libmerged	2053466	2053991	525	0.6400000
ARS007_libmerged	2054528	2055137	609	0.6502463
ARS007_libmerged	2056198	2057386	1188	0.6405724
ARS007_libmerged	2058542	2059044	502	0.7689243
ARS007_libmerged	2064519	2065039	520	0.4557692
ARS007_libmerged	2066344	2066920	576	0.5208333
ARS007_libmerged	2068615	2069215	600	0.7166666
ARS007_libmerged	2078242	2078850	608	0.7105263
ARS007_libmerged	2078991	2080128	1137	0.7669305
ARS007_libmerged	2081320	2082054	734	0.5708447
ARS007_libmerged	2083890	2084404	514	0.5194553
ARS007_libmerged	2087606	2088123	517	0.4642166
ARS007_libmerged	2089219	2090061	842	0.6722090
ARS007_libmerged	2095980	2096906	926	0.6846652
ARS007_libmerged	2104269	2104776	507	0.6607495
ARS007_libmerged	2105990	2106884	894	0.6465324
ARS007_libmerged	2108602	2109206	604	0.5678808
ARS007_libmerged	2109319	2110050	731	0.5512996
ARS007_libmerged	2110391	2110984	593	0.7352445
ARS007_libmerged	2113646	2114174	528	0.4753788
ARS007_libmerged	2115320	2115876	556	0.3758993
ARS007_libmerged	2117403	2118656	1253	0.5107741
ARS007_libmerged	2119934	2120846	912	0.7006579
ARS007_libmerged	2121225	2121840	615	0.7934960
ARS007_libmerged	2125541	2127208	1667	0.5416917
ARS007_libmerged	2137725	2138385	660	0.7287879
ARS007_libmerged	2139544	2140403	859	0.6030267
ARS007_libmerged	2165128	2166081	953	0.6778594
ARS007_libmerged	2171848	2172662	814	0.6756757
ARS007_libmerged	2172769	2173448	679	0.5198822
ARS007_libmerged	2175341	2175926	585	0.7333333
ARS007_libmerged	2177559	2178539	980	0.5326530
ARS007_libmerged	2180636	2181589	953	0.7387198
ARS007_libmerged	2182973	2184177	1204	0.5473422
ARS007_libmerged	2187104	2188632	1528	0.5903141
ARS007_libmerged	2191366	2191895	529	0.4782609
ARS007_libmerged	2195684	2196920	1236	0.3284790
ARS007_libmerged	2197257	2197939	682	0.7258065
ARS007_libmerged	2204290	2205436	1146	0.7539267
ARS007_libmerged	2206838	2207473	635	0.6330709
ARS007_libmerged	2208811	2209558	747	0.5528782
ARS007_libmerged	2211390	2211896	506	0.8339921
ARS007_libmerged	2223722	2224625	903	0.3864895
ARS007_libmerged	2227411	2228013	602	0.4867110
ARS007_libmerged	2232940	2233492	552	0.5797101
ARS007_libmerged	2234003	2234554	551	0.7332124
ARS007_libmerged	2234661	2235173	512	0.1757812
ARS007_libmerged	2243345	2244072	727	0.7180192
ARS007_libmerged	2245857	2246408	551	0.2413793
ARS007_libmerged	2246943	2247718	775	0.5922580
ARS007_libmerged	2251514	2252566	1052	0.7614068
ARS007_libmerged	2259647	2260258	611	0.4304419
ARS007_libmerged	2260617	2261652	1035	0.5710145
ARS007_libmerged	2261798	2262304	506	0.7509881
ARS007_libmerged	2266150	2266953	803	0.6425903
ARS007_libmerged	2268665	2269390	725	0.5986207
ARS007_libmerged	2274528	2275031	503	0.7415507
ARS007_libmerged	2278099	2278900	801	0.5580524
ARS007_libmerged	2280148	2280797	649	0.7827427
ARS007_libmerged	2283820	2284423	603	0.6865672
ARS007_libmerged	2299491	2300250	759	0.4466403
ARS007_libmerged	2301499	2302394	895	0.7497207
ARS007_libmerged	2316215	2316796	581	0.4750430
ARS007_libmerged	2317595	2318139	544	0.5661765
ARS007_libmerged	2318833	2319802	969	0.4148607
ARS007_libmerged	2319926	2320826	900	0.4577778
ARS007_libmerged	2320988	2321505	517	0.6344294
ARS007_libmerged	2321736	2323145	1409	0.7650816
ARS007_libmerged	2324757	2325376	619	0.5670436
ARS007_libmerged	2325915	2326471	556	0.5539568
ARS007_libmerged	2336309	2337163	854	0.8231850
ARS007_libmerged	2342459	2343052	593	0.6121417
ARS007_libmerged	2345542	2346213	671	0.6050671
ARS007_libmerged	2348795	2349357	562	0.6494662
ARS007_libmerged	2352121	2352641	520	0.7615384
ARS007_libmerged	2359559	2360239	680	0.4911765
ARS007_libmerged	2360408	2360937	529	0.6616257
ARS007_libmerged	2377887	2378488	601	0.5973378
ARS007_libmerged	2382533	2383063	530	0.6584905
ARS007_libmerged	2394241	2395217	976	0.7120901
ARS007_libmerged	2400559	2401097	538	0.3810409
ARS007_libmerged	2401401	2402155	754	0.6034483
ARS007_libmerged	2409341	2409865	524	0.5782443
ARS007_libmerged	2414624	2415544	920	0.4902174
ARS007_libmerged	2433838	2434407	569	0.5500879
ARS007_libmerged	2436853	2437361	508	0.6830708
ARS007_libmerged	2438544	2440766	2222	0.3433843
ARS007_libmerged	2445577	2446474	897	0.5150502
ARS007_libmerged	2452283	2452828	545	0.5724770
ARS007_libmerged	2456374	2457173	799	0.4405507
ARS007_libmerged	2458333	2458973	640	0.6203125
ARS007_libmerged	2461812	2462327	515	0.5980582
ARS007_libmerged	2463022	2463791	769	0.5318596
ARS007_libmerged	2466548	2468436	1888	0.5190678
ARS007_libmerged	2474588	2475316	728	0.6840659
ARS007_libmerged	2475749	2476356	607	0.4777595
ARS007_libmerged	2477525	2478350	825	0.7284849
ARS007_libmerged	2494439	2495039	600	0.6650000
ARS007_libmerged	2495156	2496453	1297	0.5497301
ARS007_libmerged	2499910	2500508	598	0.6973244
ARS007_libmerged	2500646	2501490	844	0.5746446
ARS007_libmerged	2505837	2506702	865	0.6254335
ARS007_libmerged	2508473	2509260	787	0.5349428
ARS007_libmerged	2518244	2519047	803	0.5765878
ARS007_libmerged	2521792	2522343	551	0.8039927
ARS007_libmerged	2523912	2524988	1076	0.6022305
ARS007_libmerged	2525548	2526291	743	0.8075370
ARS007_libmerged	2527434	2528095	661	0.6717095
ARS007_libmerged	2531193	2531758	565	0.6318584
ARS007_libmerged	2532488	2533253	765	0.6915033
ARS007_libmerged	2536287	2536931	644	0.6444100
ARS007_libmerged	2537868	2538376	508	0.7027559
ARS007_libmerged	2541481	2542198	717	0.5481172
ARS007_libmerged	2542831	2543453	622	0.6028939
ARS007_libmerged	2547583	2548355	772	0.7111399
ARS007_libmerged	2549441	2550092	651	0.6897081
ARS007_libmerged	2552619	2553198	579	0.5837651
ARS007_libmerged	2563031	2564108	1077	0.1819870
ARS007_libmerged	2565705	2566354	649	0.5254237
ARS007_libmerged	2567610	2568284	674	0.7774481
ARS007_libmerged	2571688	2572707	1019	0.7055937
ARS007_libmerged	2575813	2577029	1216	0.6940789
ARS007_libmerged	2580924	2581610	686	0.7361516
ARS007_libmerged	2583335	2584008	673	0.5854383
ARS007_libmerged	2589032	2589663	631	0.7004755
ARS007_libmerged	2589822	2590432	610	0.6262295
ARS007_libmerged	2592608	2593291	683	0.6617863
ARS007_libmerged	2602502	2603115	613	0.6753671
ARS007_libmerged	2605682	2606583	901	0.4650388
ARS007_libmerged	2608110	2608896	786	0.6959288
ARS007_libmerged	2614871	2615393	522	0.6091954
ARS007_libmerged	2616714	2617317	603	0.6865672
ARS007_libmerged	2619538	2620152	614	0.6270359
ARS007_libmerged	2621851	2622627	776	0.4716495
ARS007_libmerged	2623132	2623861	729	0.5912209
ARS007_libmerged	2624018	2624636	618	0.6731392
ARS007_libmerged	2626592	2627135	543	0.7513812
ARS007_libmerged	2639477	2639985	508	0.5295275
ARS007_libmerged	2640253	2640859	606	0.6221122
ARS007_libmerged	2643755	2644388	633	0.5797789
ARS007_libmerged	2648063	2648632	569	0.5307557
ARS007_libmerged	2652803	2653900	1097	0.5350957
ARS007_libmerged	2654692	2655758	1066	0.7035647
ARS007_libmerged	2665627	2666385	758	0.6108180
ARS007_libmerged	2670905	2671705	800	0.7237500
ARS007_libmerged	2672904	2673477	573	0.5078534
ARS007_libmerged	2673641	2674151	510	0.6078432
ARS007_libmerged	2679197	2679920	723	0.5020747
ARS007_libmerged	2690698	2691306	608	0.5740132
ARS007_libmerged	2707669	2708340	671	0.5514158
ARS007_libmerged	2710508	2711169	661	0.7095310
ARS007_libmerged	2712323	2712848	525	0.7809524
ARS007_libmerged	2716460	2717168	708	0.6341808
ARS007_libmerged	2738441	2739213	772	0.3950777
ARS007_libmerged	2744071	2744640	569	0.5975395
ARS007_libmerged	2748281	2748976	695	0.4244604
ARS007_libmerged	2749109	2749916	807	0.5811648
ARS007_libmerged	2751505	2752117	612	0.6176471
ARS007_libmerged	2753594	2754300	706	0.6515581
ARS007_libmerged	2755158	2755747	589	0.4465195
ARS007_libmerged	2761158	2761818	660	0.6393939
ARS007_libmerged	2762719	2763529	810	0.6604939
ARS007_libmerged	2769426	2770277	851	0.4806111
ARS007_libmerged	2777653	2778500	847	0.6576151
ARS007_libmerged	2780904	2781439	535	0.6841121
ARS007_libmerged	2783763	2784510	747	0.4511379
ARS007_libmerged	2785615	2786152	537	0.5102421
ARS007_libmerged	2786337	2786957	620	0.6032258
ARS007_libmerged	2787826	2789067	1241	0.6035455
ARS007_libmerged	2789579	2790296	717	0.4825662
ARS007_libmerged	2792331	2792922	591	0.6514382
ARS007_libmerged	2799180	2799770	590	0.6067796
ARS007_libmerged	2799884	2800475	591	0.6565144
ARS007_libmerged	2802250	2802790	540	0.4777778
ARS007_libmerged	2803448	2804036	588	0.7091837
ARS007_libmerged	2813414	2814116	702	0.4358974
ARS007_libmerged	2814218	2814991	773	0.3402328
ARS007_libmerged	2815917	2816484	567	0.4497355
ARS007_libmerged	2816950	2817592	642	0.5981308
ARS007_libmerged	2818339	2818950	611	0.6857610
ARS007_libmerged	2824751	2825415	664	0.6009036
ARS007_libmerged	2840377	2841072	695	0.3381295
ARS007_libmerged	2841223	2841924	701	0.5092725
ARS007_libmerged	2842345	2842922	577	0.6897747
ARS007_libmerged	2850603	2851214	611	0.5237316
ARS007_libmerged	2857700	2858894	1194	0.8056951
ARS007_libmerged	2862267	2862866	599	0.7579299
ARS007_libmerged	2871846	2872709	863	0.4750869
ARS007_libmerged	2880062	2880596	534	0.4606742
ARS007_libmerged	2887089	2900727	13638	0.0132717
ARS007_libmerged	2906763	2907266	503	0.6978131
ARS007_libmerged	2909999	2910662	663	0.5279035
ARS007_libmerged	2913545	2914054	509	0.5933203
ARS007_libmerged	2915418	2915984	566	0.6890460
ARS007_libmerged	2920508	2921497	989	0.6198180
ARS007_libmerged	2937872	2938824	952	0.5672269
ARS007_libmerged	2947887	2948451	564	0.7145390
ARS007_libmerged	2958109	2958630	521	0.4376200
ARS007_libmerged	2966548	2967554	1006	0.6888668
ARS007_libmerged	2980837	2981462	625	0.4368000
ARS007_libmerged	2984265	2984794	529	0.3610586
ARS007_libmerged	2999106	2999990	884	0.7420815
ARS007_libmerged	3000388	3000936	548	0.5693431
ARS007_libmerged	3004389	3004889	500	0.6020000
ARS007_libmerged	3011382	3012238	856	0.4894860
ARS007_libmerged	3030445	3030969	524	0.5954198
ARS007_libmerged	3041943	3043393	1450	0.4751724
ARS007_libmerged	3058541	3059162	621	0.6215781
ARS007_libmerged	3061749	3062262	513	0.5555556
ARS007_libmerged	3062654	3063164	510	0.6235294
ARS007_libmerged	3065162	3066095	933	0.6280814
ARS007_libmerged	3071390	3071959	569	0.5694200
ARS007_libmerged	3083542	3084229	687	0.7278020
ARS007_libmerged	3088182	3088799	617	0.4651540
ARS007_libmerged	3092695	3093272	577	0.7400346
ARS007_libmerged	3095589	3096256	667	0.6251874
ARS007_libmerged	3108591	3109151	560	0.7696428
ARS007_libmerged	3113100	3113992	892	0.5067264
ARS007_libmerged	3118517	3127012	8495	0.0038846
ARS007_libmerged	3127163	3128517	1354	0.0228951
ARS007_libmerged	3129775	3140430	10655	0.0107931
ARS007_libmerged	3142367	3144351	1984	0.0740927
ARS007_libmerged	3153820	3154370	550	0.8109091
ARS007_libmerged	3165508	3166077	569	0.7609842
ARS007_libmerged	3169091	3169599	508	0.6023622
ARS007_libmerged	3174946	3175615	669	0.7922272
ARS007_libmerged	3176603	3177233	630	0.7587302
ARS007_libmerged	3179909	3180443	534	0.7228464
ARS007_libmerged	3181080	3181999	919	0.7736670
ARS007_libmerged	3192462	3193329	867	0.5905421
ARS007_libmerged	3193433	3194003	570	0.7789474
ARS007_libmerged	3197016	3197609	593	0.6205733
ARS007_libmerged	3199993	3202035	2042	0.3795299
ARS007_libmerged	3210544	3211058	514	0.7392996
ARS007_libmerged	3211237	3211755	518	0.4575289
ARS007_libmerged	3220984	3222358	1374	0.4213974
ARS007_libmerged	3223009	3223559	550	0.2363636
ARS007_libmerged	3224992	3225635	643	0.5427683
ARS007_libmerged	3227589	3228411	822	0.5912409
ARS007_libmerged	3230803	3231430	627	0.5789474
ARS007_libmerged	3251649	3252296	647	0.5146831
ARS007_libmerged	3260417	3261222	805	0.3937888
ARS007_libmerged	3269478	3270034	556	0.7248201
ARS007_libmerged	3279962	3280720	758	0.6912929
ARS007_libmerged	3291887	3292488	601	0.3494176
ARS007_libmerged	3293110	3293723	613	0.7226754
ARS007_libmerged	3301419	3302024	605	0.5884297
ARS007_libmerged	3302498	3304357	1859	0.4701452
ARS007_libmerged	3307613	3308248	635	0.7181103
ARS007_libmerged	3310180	3310772	592	0.4695946
ARS007_libmerged	3310942	3311656	714	0.5224090
ARS007_libmerged	3315102	3315641	539	0.7050093
ARS007_libmerged	3320116	3320907	791	0.2604298
ARS007_libmerged	3321197	3321913	716	0.6913408
ARS007_libmerged	3327713	3328292	579	0.7461140
ARS007_libmerged	3341196	3341907	711	0.6216596
ARS007_libmerged	3351185	3351770	585	0.6717949
ARS007_libmerged	3352937	3353512	575	0.6486956
ARS007_libmerged	3353700	3354447	747	0.6680053
ARS007_libmerged	3354767	3356297	1530	0.6352941
ARS007_libmerged	3357922	3359233	1311	0.4912281
ARS007_libmerged	3363954	3364981	1027	0.3631938
ARS007_libmerged	3365306	3365907	601	0.6722130
ARS007_libmerged	3369554	3370411	857	0.7607934
ARS007_libmerged	3379469	3380134	665	0.6375940
ARS007_libmerged	3380255	3381065	810	0.4679012
ARS007_libmerged	3390647	3391188	541	0.4916821
ARS007_libmerged	3399447	3400210	763	0.5294889
ARS007_libmerged	3402670	3403661	991	0.5640767
ARS007_libmerged	3407442	3408006	564	0.6985816
ARS007_libmerged	3421287	3422288	1001	0.4715285
ARS007_libmerged	3423485	3423995	510	0.7254902
ARS007_libmerged	3433068	3433695	627	0.7464115
ARS007_libmerged	3437796	3439880	2084	0.0331094
ARS007_libmerged	3445372	3446022	650	0.6892307
ARS007_libmerged	3448665	3449418	753	0.7808765
ARS007_libmerged	3450523	3451200	677	0.6292467
ARS007_libmerged	3454577	3455161	584	0.3732877
ARS007_libmerged	3455838	3456341	503	0.4850895
ARS007_libmerged	3457353	3457896	543	0.6777164
ARS007_libmerged	3460737	3461395	658	0.2689970
ARS007_libmerged	3461509	3462514	1005	0.2746269
ARS007_libmerged	3462632	3465610	2978	0.2817327
ARS007_libmerged	3466027	3467007	980	0.4459184
ARS007_libmerged	3468528	3469398	870	0.6275862
ARS007_libmerged	3470468	3471065	597	0.6850922
ARS007_libmerged	3472627	3473520	893	0.4792833
ARS007_libmerged	3515829	3516384	555	0.7243243
ARS007_libmerged	3532520	3533249	729	0.4691358
ARS007_libmerged	3544701	3545245	544	0.7169118
ARS007_libmerged	3547433	3548586	1153	0.4813530
ARS007_libmerged	3550111	3550872	761	0.6346912
ARS007_libmerged	3557320	3558034	714	0.3725490
ARS007_libmerged	3558768	3559292	524	0.5820611
ARS007_libmerged	3565056	3565667	611	0.5171849
ARS007_libmerged	3576373	3577206	833	0.4321729
ARS007_libmerged	3581267	3582285	1018	0.3821218
ARS007_libmerged	3582957	3583479	522	0.5000000
ARS007_libmerged	3589655	3590294	639	0.6885759
ARS007_libmerged	3592264	3593018	754	0.2586207
ARS007_libmerged	3593256	3594633	1377	0.3754539
ARS007_libmerged	3595967	3596756	789	0.7160963
ARS007_libmerged	3597677	3598259	582	0.5721650
ARS007_libmerged	3600123	3600644	521	0.6026871
ARS007_libmerged	3603795	3604444	649	0.6379045
ARS007_libmerged	3615182	3615787	605	0.6396694
ARS007_libmerged	3617248	3618289	1041	0.6589817
ARS007_libmerged	3622331	3623080	749	0.2296395
ARS007_libmerged	3657155	3657697	542	0.6236162
ARS007_libmerged	3685522	3686290	768	0.5507812
ARS007_libmerged	3687005	3687566	561	0.6452763
ARS007_libmerged	3701015	3701741	726	0.6528926
ARS007_libmerged	3704343	3704874	531	0.4237288
ARS007_libmerged	3713340	3714109	769	0.6059818
ARS007_libmerged	3725584	3726101	517	0.5067698
ARS007_libmerged	3729732	3730464	732	0.7021858
ARS007_libmerged	3731682	3732524	842	0.6828979
ARS007_libmerged	3733967	3734864	897	0.5429208
ARS007_libmerged	3736569	3737187	618	0.5954692
ARS007_libmerged	3748276	3748973	697	0.7890961
ARS007_libmerged	3755636	3756206	570	0.7421052
ARS007_libmerged	3761329	3762108	779	0.6816431
ARS007_libmerged	3773343	3773854	511	0.6497065
ARS007_libmerged	3777522	3778158	636	0.6902516
ARS007_libmerged	3779169	3779903	734	0.6907357
ARS007_libmerged	3803312	3803888	576	0.7586806
ARS007_libmerged	3804596	3805290	694	0.7564842
ARS007_libmerged	3810871	3811515	644	0.7903727
ARS007_libmerged	3829596	3830334	738	0.7439024
ARS007_libmerged	3830580	3831263	683	0.5885798
ARS007_libmerged	3868526	3869163	637	0.5698587
ARS007_libmerged	3877756	3878590	834	0.6582734
ARS007_libmerged	3878773	3879291	518	0.6081081
ARS007_libmerged	3880527	3881029	502	0.6513944
ARS007_libmerged	3925461	3926139	678	0.5176991
ARS007_libmerged	3939727	3940335	608	0.4309210
ARS007_libmerged	3954584	3955152	568	0.7007042
ARS007_libmerged	3965038	3965998	960	0.8062500
ARS007_libmerged	3966590	3967229	639	0.4929577
ARS007_libmerged	3973007	3973586	579	0.5958549
ARS007_libmerged	3990046	3990612	566	0.7014135
ARS007_libmerged	4010600	4011217	617	0.7260940
ARS007_libmerged	4019245	4026152	6907	0.0163602
ARS007_libmerged	4026262	4027121	859	0.4214202
ARS007_libmerged	4027240	4028084	844	0.4135071
ARS007_libmerged	4046745	4047294	549	0.6885246
ARS007_libmerged	4056332	4056849	517	0.7021276
ARS007_libmerged	4071990	4072536	546	0.6794872
ARS007_libmerged	4074543	4075228	685	0.6364964
ARS007_libmerged	4098159	4098805	646	0.5247678
ARS007_libmerged	4101277	4102563	1286	0.0575428
ARS007_libmerged	4102696	4103269	573	0.3490402
ARS007_libmerged	4111209	4111768	559	0.8318426
ARS007_libmerged	4112714	4113389	675	0.4311111
ARS007_libmerged	4113601	4114249	648	0.5030864
ARS007_libmerged	4121415	4121948	533	0.7617261
ARS007_libmerged	4147162	4147689	527	0.5426945
ARS007_libmerged	4151770	4152464	694	0.6455331
ARS007_libmerged	4155520	4156205	685	0.5810219
ARS007_libmerged	4172733	4173357	624	0.5464743
ARS007_libmerged	4188453	4189019	566	0.7614841
ARS007_libmerged	4217513	4218027	514	0.5175097
ARS007_libmerged	4235672	4236350	678	0.6017699
ARS007_libmerged	4262711	4263522	811	0.4599260
ARS007_libmerged	4296488	4297187	699	0.5193133
ARS007_libmerged	4308409	4308932	523	0.6634799
ARS007_libmerged	4315331	4316003	672	0.6532738
ARS007_libmerged	4349880	4350462	582	0.5446736
ARS007_libmerged	4358876	4359610	734	0.4809264
ARS007_libmerged	4362263	4362898	635	0.7496063
ARS007_libmerged	4365048	4365819	771	0.5084306
ARS007_libmerged	4365930	4366979	1049	0.7216396
ARS007_libmerged	4383779	4384429	650	0.4446154
ARS007_libmerged	4398831	4399351	520	0.7519231
ARS007_libmerged	4402775	4403427	652	0.7960123
ARS007_libmerged	4408188	4408780	592	0.2871622
ARS007_libmerged	4435313	4436036	723	0.6556017
ARS007_libmerged	4436784	4437490	706	0.6883852
ARS007_libmerged	4440800	4441365	565	0.8513274
ARS007_libmerged	4442386	4443012	626	0.6916933
ARS007_libmerged	4443944	4444490	546	0.4542125
ARS007_libmerged	4444653	4445512	859	0.6030267
ARS007_libmerged	4446663	4447163	500	0.5080000
ARS007_libmerged	4451062	4451728	666	0.6921922
ARS007_libmerged	4451921	4452540	619	0.6332795
ARS007_libmerged	4460393	4460939	546	0.7472528
ARS007_libmerged	4484425	4485122	697	0.5824964
ARS007_libmerged	4515793	4516447	654	0.2568807
ARS007_libmerged	4533106	4533769	663	0.5912519
ARS007_libmerged	4534605	4535203	598	0.3160535
ARS007_libmerged	4556670	4557184	514	0.6945525
ARS007_libmerged	4561833	4562822	989	0.3306370
ARS007_libmerged	4601264	4602326	1062	0.2363465
ARS007_libmerged	4625905	4627036	1131	0.4880637
ARS007_libmerged	4630268	4631021	753	0.7689243
ARS007_libmerged	4633368	4633982	614	0.4315961
ARS007_libmerged	4642339	4643323	984	0.5274390
ARS007_libmerged	2554176	2562918	8742	0.0000000
CHC004.A0101_rmdup	409407	409917	510	0.2431373
CHC004.A0101_rmdup	494714	495430	716	0.5363129
CHC004.A0101_rmdup	647076	647614	538	0.4330855
CHC004.A0101_rmdup	833378	834143	765	0.5869281
CHC004.A0101_rmdup	896681	897441	760	0.2000000
CHC004.A0101_rmdup	1123980	1125698	1718	0.3812573
CHC004.A0101_rmdup	1462085	1462764	679	0.4403535
CHC004.A0101_rmdup	1487511	1488142	631	0.4025356
CHC004.A0101_rmdup	1891454	1892077	623	0.3322632
CHC004.A0101_rmdup	2126396	2126906	510	0.4725490
CHC004.A0101_rmdup	2196085	2196654	569	0.2759227
CHC004.A0101_rmdup	2234673	2235190	517	0.2069633
CHC004.A0101_rmdup	2887087	2900731	13644	0.0095280
CHC004.A0101_rmdup	3129772	3140430	10658	0.0057234
CHC004.A0101_rmdup	3200386	3201185	799	0.5056320
CHC004.A0101_rmdup	3201294	3201893	599	0.3606010
CHC004.A0101_rmdup	3227692	3228215	523	0.4512428
CHC004.A0101_rmdup	3464391	3464898	507	0.2998028
CHC004.A0101_rmdup	3622469	3623170	701	0.2182596
CHC004.A0101_rmdup	4101298	4102553	1255	0.0677291
CHC004.A0101_rmdup	4102691	4103266	575	0.4330435
CHC004.A0101_rmdup	4352003	4352555	552	0.3532609
CHC004.A0101_rmdup	4561874	4562622	748	0.2606952
CHC004.A0101_rmdup	2554179	2562907	8728	0.0000000
CHC004.A0101_rmdup	3118572	3127003	8431	0.0000000
CHC004.A0101_rmdup	3127159	3128462	1303	0.0000000
CHC004.A0101_rmdup	3142380	3144184	1804	0.0000000
GEN_72	301268	301787	519	0.2562620
GEN_72	495725	496322	597	0.4723618
GEN_72	833345	833876	531	0.3389831
GEN_72	895910	896576	666	0.4954955
GEN_72	896689	897438	749	0.3097463
GEN_72	1646384	1646889	505	0.4079208
GEN_72	2799585	2800126	541	0.1478743
GEN_72	2853912	2854427	515	0.6097087
GEN_72	3200561	3201162	601	0.1630616
GEN_72	3221633	3222166	533	0.3696060
GEN_72	3461835	3462361	526	0.1235741
GEN_72	3462658	3463489	831	0.2996390
GEN_72	3593250	3593751	501	0.3932136
GEN_72	3878954	3879473	519	0.4123314
GEN_72	4408265	4408875	610	0.2852459
GEN_72	4532760	4533352	592	0.3277027
GEN_72	4561843	4562601	758	0.2203166
GEN_72	2554177	2562922	8745	0.0000000
GLZ001.A0101_02.YP2.1	301261	301776	515	0.4582524
GLZ001.A0101_02.YP2.1	409309	409916	607	0.2998353
GLZ001.A0101_02.YP2.1	884819	885550	731	0.4473324
GLZ001.A0101_02.YP2.1	896625	897434	809	0.3325093
GLZ001.A0101_02.YP2.1	1046488	1047041	553	0.3833635
GLZ001.A0101_02.YP2.1	1124387	1125007	620	0.4516129
GLZ001.A0101_02.YP2.1	1125120	1125809	689	0.5253991
GLZ001.A0101_02.YP2.1	1463113	1463619	506	0.5592886
GLZ001.A0101_02.YP2.1	2126365	2126908	543	0.6666667
GLZ001.A0101_02.YP2.1	2316258	2316763	505	0.6099010
GLZ001.A0101_02.YP2.1	2554175	2563018	8843	0.0099514
GLZ001.A0101_02.YP2.1	2813930	2814583	653	0.5405819
GLZ001.A0101_02.YP2.1	3200209	3201052	843	0.5100830
GLZ001.A0101_02.YP2.1	3223006	3223575	569	0.4042179
GLZ001.A0101_02.YP2.1	3464617	3465118	501	0.4491018
GLZ001.A0101_02.YP2.1	3593264	3593883	619	0.7189015
GLZ001.A0101_02.YP2.1	3622388	3623020	632	0.3670886
GLZ001.A0101_02.YP2.1	4561825	4562518	693	0.3694084
GLZ002.A0101_2.YP2.1	896672	897262	590	0.2050847
GLZ002.A0101_2.YP2.1	1124075	1125006	931	0.6616541
GLZ002.A0101_2.YP2.1	1125122	1125675	553	0.5370705
GLZ002.A0101_2.YP2.1	2554172	2562907	8735	0.0027476
GLZ002.A0101_2.YP2.1	3200382	3201082	700	0.5400000
GLZ002.A0101_2.YP2.1	4408265	4408871	606	0.5016502
GRS004.A0101_rmdup	2554176	2562903	8727	0.0000000
HGC009_libmerged	896600	897386	786	0.3638677
HGC009_libmerged	1124073	1125007	934	0.4518201
HGC009_libmerged	1125141	1125677	536	0.2126866
HGC009_libmerged	2108720	2109255	535	0.6056075
HGC009_libmerged	2554179	2562908	8729	0.0052698
HGC009_libmerged	2887088	2900735	13647	0.0368579
HGC009_libmerged	3119955	3127003	7048	0.0048241
HGC009_libmerged	3129774	3140425	10651	0.0138015
HGC009_libmerged	3462587	3463141	554	0.2274368
HGC009_libmerged	3465071	3465707	636	0.4528302
HGC009_libmerged	3622511	3623016	505	0.2534654
HGC009_libmerged	4098477	4099036	559	0.6028622
HGC009_libmerged	4100968	4102553	1585	0.1375394
HGC009_libmerged	4102689	4103264	575	0.4886957
HGC009_libmerged	4561906	4562463	557	0.3716337
HGC009_libmerged	3118538	3119840	1302	0.0000000
HGC009_libmerged	3127149	3128458	1309	0.0000000
HGC009_libmerged	3142386	3144184	1798	0.0000000
HOP001.A0102_rmdup	1125159	1125675	516	0.4593023
HOP001.A0102_rmdup	2887091	2900727	13636	0.0055001
HOP001.A0102_rmdup	3123911	3127003	3092	0.0119664
HOP001.A0102_rmdup	3129784	3140425	10641	0.0029133
HOP001.A0102_rmdup	4019298	4026158	6860	0.0240525
HOP001.A0102_rmdup	2554180	2562904	8724	0.0000000
HOP001.A0102_rmdup	3118574	3123773	5199	0.0000000
HOP001.A0102_rmdup	3127169	3128454	1285	0.0000000
HOP001.A0102_rmdup	3142388	3144177	1789	0.0000000
HOP004_libmerged	1124384	1124934	550	0.5527273
HOP004_libmerged	1125122	1125679	557	0.4075404
HOP004_libmerged	2554180	2562903	8723	0.0009171
HOP004_libmerged	2887088	2900727	13639	0.0088716
HOP004_libmerged	4019298	4026152	6854	0.0115261
HOP004_libmerged	3118567	3127009	8442	0.0000000
HOP004_libmerged	3127174	3128452	1278	0.0000000
HOP004_libmerged	3129779	3140424	10645	0.0000000
HOP004_libmerged	3142386	3144177	1791	0.0000000
KLE031.A0101_rmdup	495004	495556	552	0.5380435
KLE031.A0101_rmdup	896631	897432	801	0.2746567
KLE031.A0101_rmdup	1123964	1125006	1042	0.6103647
KLE031.A0101_rmdup	1125119	1125677	558	0.3817204
KLE031.A0101_rmdup	1321824	1322438	614	0.2605863
KLE031.A0101_rmdup	1487646	1488148	502	0.3087649
KLE031.A0101_rmdup	2234799	2235372	573	0.2652705
KLE031.A0101_rmdup	2438690	2439295	605	0.2710744
KLE031.A0101_rmdup	2813931	2814594	663	0.3529412
KLE031.A0101_rmdup	2887080	2900730	13650	0.0142857
KLE031.A0101_rmdup	3127148	3128514	1366	0.0344070
KLE031.A0101_rmdup	3129779	3140421	10642	0.0032889
KLE031.A0101_rmdup	3221610	3222170	560	0.5410714
KLE031.A0101_rmdup	4100966	4102551	1585	0.1400631
KLE031.A0101_rmdup	4601832	4602360	528	0.4753788
KLE031.A0101_rmdup	2554178	2562901	8723	0.0000000
KLE031.A0101_rmdup	2799585	2800155	570	0.0000000
KLE031.A0101_rmdup	3118531	3127009	8478	0.0000000
KLE031.A0101_rmdup	3142386	3144178	1792	0.0000000
KLE048.A0101_rmdup	896643	897261	618	0.3899677
KLE048.A0101_rmdup	1124075	1125007	932	0.5611588
KLE048.A0101_rmdup	1125122	1125678	556	0.4280576
KLE048.A0101_rmdup	2438681	2439270	589	0.3276740
KLE048.A0101_rmdup	2887074	2900724	13650	0.0083516
KLE048.A0101_rmdup	3118531	3127007	8476	0.0040113
KLE048.A0101_rmdup	3129765	3140419	10654	0.0030036
KLE048.A0101_rmdup	3200571	3201074	503	0.4413519
KLE048.A0101_rmdup	4101298	4102576	1278	0.0399061
KLE048.A0101_rmdup	2554180	2562911	8731	0.0000000
KLE048.A0101_rmdup	3127174	3128528	1354	0.0000000
KLE048.A0101_rmdup	3142383	3144174	1791	0.0000000
KLZ001_libmerged	301258	301767	509	0.1001965
KLZ001_libmerged	345228	346045	817	0.4565483
KLZ001_libmerged	408247	409034	787	0.3837357
KLZ001_libmerged	409169	409744	575	0.4104348
KLZ001_libmerged	579526	580122	596	0.3909396
KLZ001_libmerged	647053	647749	696	0.4224138
KLZ001_libmerged	764125	764628	503	0.3538767
KLZ001_libmerged	886058	886855	797	0.4278544
KLZ001_libmerged	895882	897257	1375	0.2240000
KLZ001_libmerged	989232	990364	1132	0.4584806
KLZ001_libmerged	1043848	1045889	2041	0.4781969
KLZ001_libmerged	1123980	1125675	1695	0.3946903
KLZ001_libmerged	1140739	1141273	534	0.5561798
KLZ001_libmerged	1224284	1224855	571	0.5726795
KLZ001_libmerged	1381688	1382364	676	0.5147929
KLZ001_libmerged	1463085	1463586	501	0.4151697
KLZ001_libmerged	1646228	1647102	874	0.3409611
KLZ001_libmerged	1669661	1670237	576	0.5486111
KLZ001_libmerged	1674267	1674932	665	0.4390977
KLZ001_libmerged	1675906	1676647	741	0.3184885
KLZ001_libmerged	1725017	1725726	709	0.5091679
KLZ001_libmerged	1841788	1842425	637	0.5400314
KLZ001_libmerged	1878143	1878659	516	0.5426357
KLZ001_libmerged	1891299	1892114	815	0.6294479
KLZ001_libmerged	1947616	1948319	703	0.1493599
KLZ001_libmerged	2117094	2117828	734	0.3310627
KLZ001_libmerged	2260806	2261352	546	0.3717949
KLZ001_libmerged	2315974	2316503	529	0.3761815
KLZ001_libmerged	2438635	2439148	513	0.2553606
KLZ001_libmerged	2439415	2440460	1045	0.4296651
KLZ001_libmerged	2467759	2468313	554	0.5992780
KLZ001_libmerged	2495059	2495657	598	0.5066890
KLZ001_libmerged	2554174	2562989	8815	0.0071469
KLZ001_libmerged	2602590	2603112	522	0.7222222
KLZ001_libmerged	2753725	2754286	561	0.5632799
KLZ001_libmerged	2871852	2872520	668	0.5898204
KLZ001_libmerged	2887081	2900748	13667	0.0246579
KLZ001_libmerged	3129777	3140445	10668	0.0140607
KLZ001_libmerged	3200405	3201157	752	0.1648936
KLZ001_libmerged	3222538	3223370	832	0.3173077
KLZ001_libmerged	3291928	3292486	558	0.1881720
KLZ001_libmerged	3358414	3359088	674	0.4718101
KLZ001_libmerged	3364089	3364925	836	0.2858852
KLZ001_libmerged	3375494	3376141	647	0.3632149
KLZ001_libmerged	3461837	3462417	580	0.0948276
KLZ001_libmerged	3462568	3463502	934	0.3918630
KLZ001_libmerged	3465025	3465617	592	0.2077703
KLZ001_libmerged	3465893	3466650	757	0.3262880
KLZ001_libmerged	3467120	3467687	567	0.5379189
KLZ001_libmerged	3592206	3592914	708	0.2867232
KLZ001_libmerged	4296474	4296999	525	0.3676190
KLZ001_libmerged	4408236	4408866	630	0.3000000
KLZ001_libmerged	4561957	4562515	558	0.1379928
KLZ001_libmerged	4642691	4643219	528	0.3333333
KLZ001_libmerged	4650445	4650952	507	0.3806706
KLZ001_libmerged	3118563	3127006	8443	0.0000000
KLZ001_libmerged	3127162	3128452	1290	0.0000000
KLZ001_libmerged	3142385	3144184	1799	0.0000000
KNK001_libmerged	110120	110746	626	0.4856230
KNK001_libmerged	301239	301932	693	0.2741703
KNK001_libmerged	408049	408791	742	0.3598383
KNK001_libmerged	408953	410394	1441	0.4968772
KNK001_libmerged	410562	411210	648	0.4197531
KNK001_libmerged	416994	417685	691	0.4602026
KNK001_libmerged	442761	443274	513	0.5204678
KNK001_libmerged	444912	445545	633	0.4533965
KNK001_libmerged	458356	458889	533	0.6266416
KNK001_libmerged	567398	568013	615	0.4260163
KNK001_libmerged	646869	647631	762	0.2191601
KNK001_libmerged	682274	682867	593	0.7588533
KNK001_libmerged	753457	753977	520	0.2826923
KNK001_libmerged	754565	755206	641	0.4789391
KNK001_libmerged	764038	764978	940	0.2202128
KNK001_libmerged	807609	808126	517	0.3984526
KNK001_libmerged	833334	833842	508	0.3228346
KNK001_libmerged	883958	884475	517	0.2669246
KNK001_libmerged	884588	885251	663	0.3815988
KNK001_libmerged	886467	887262	795	0.2490566
KNK001_libmerged	888931	889548	617	0.5089141
KNK001_libmerged	890866	891548	682	0.5733138
KNK001_libmerged	895231	895765	534	0.4868914
KNK001_libmerged	895940	897063	1123	0.2324132
KNK001_libmerged	928152	928724	572	0.4895105
KNK001_libmerged	935294	935815	521	0.6756238
KNK001_libmerged	954272	954914	642	0.4283489
KNK001_libmerged	989781	990463	682	0.3885630
KNK001_libmerged	1038961	1039622	661	0.5143722
KNK001_libmerged	1044964	1045668	704	0.2045455
KNK001_libmerged	1046386	1047146	760	0.3513158
KNK001_libmerged	1117716	1118290	574	0.3972125
KNK001_libmerged	1136375	1137050	675	0.4385185
KNK001_libmerged	1142062	1142578	516	0.3217054
KNK001_libmerged	1230074	1230607	533	0.5272045
KNK001_libmerged	1240661	1241246	585	0.2803419
KNK001_libmerged	1242177	1242824	647	0.4327666
KNK001_libmerged	1410247	1410774	527	0.4743833
KNK001_libmerged	1413063	1413682	619	0.6316640
KNK001_libmerged	1414107	1414633	526	0.7699620
KNK001_libmerged	1425783	1426453	670	0.3761194
KNK001_libmerged	1460590	1461148	558	0.6344086
KNK001_libmerged	1462882	1463549	667	0.3748126
KNK001_libmerged	1556694	1557248	554	0.5379061
KNK001_libmerged	1567288	1567869	581	0.2375215
KNK001_libmerged	1569574	1570367	793	0.5598991
KNK001_libmerged	1640431	1640940	509	0.2200393
KNK001_libmerged	1646375	1647152	777	0.2136422
KNK001_libmerged	1647338	1648054	716	0.2891061
KNK001_libmerged	1673699	1674381	682	0.3680352
KNK001_libmerged	1675923	1676735	812	0.2105911
KNK001_libmerged	1683602	1684886	1284	0.3870716
KNK001_libmerged	1692997	1693574	577	0.2651646
KNK001_libmerged	1698916	1699647	731	0.5020520
KNK001_libmerged	1699796	1701189	1393	0.5656856
KNK001_libmerged	1701311	1701883	572	0.5297203
KNK001_libmerged	1752977	1753803	826	0.4648910
KNK001_libmerged	1782004	1782522	518	0.4903475
KNK001_libmerged	1839259	1839824	565	0.6902655
KNK001_libmerged	1871020	1871746	726	0.4173554
KNK001_libmerged	1891412	1892158	746	0.4530831
KNK001_libmerged	1918052	1918576	524	0.4561069
KNK001_libmerged	1947671	1948343	672	0.3839286
KNK001_libmerged	1987302	1987854	552	0.5090580
KNK001_libmerged	2027610	2028356	746	0.4182306
KNK001_libmerged	2038348	2038852	504	0.4682540
KNK001_libmerged	2051832	2052341	509	0.5402750
KNK001_libmerged	2081504	2082134	630	0.6031746
KNK001_libmerged	2117172	2117856	684	0.2134503
KNK001_libmerged	2126224	2127201	977	0.3776868
KNK001_libmerged	2195998	2196667	669	0.1748879
KNK001_libmerged	2238186	2238733	547	0.4533821
KNK001_libmerged	2260602	2261165	563	0.2202487
KNK001_libmerged	2316062	2316578	516	0.2732558
KNK001_libmerged	2317472	2317976	504	0.6388889
KNK001_libmerged	2318659	2319221	562	0.4128114
KNK001_libmerged	2439429	2440228	799	0.3254068
KNK001_libmerged	2447633	2448285	652	0.6027607
KNK001_libmerged	2466736	2467358	622	0.3360129
KNK001_libmerged	2554174	2563134	8960	0.0218750
KNK001_libmerged	2727223	2727790	567	0.4955908
KNK001_libmerged	2814099	2814655	556	0.1097122
KNK001_libmerged	2825852	2826417	565	0.5946903
KNK001_libmerged	2840380	2841031	651	0.2826421
KNK001_libmerged	2841331	2842024	693	0.5194805
KNK001_libmerged	2851629	2852148	519	0.4624277
KNK001_libmerged	2853788	2854558	770	0.6116883
KNK001_libmerged	2894115	2894702	587	0.7921636
KNK001_libmerged	2896163	2896758	595	0.5243698
KNK001_libmerged	3123774	3124326	552	0.4057971
KNK001_libmerged	3197332	3198256	924	0.4448052
KNK001_libmerged	3200059	3200717	658	0.2933131
KNK001_libmerged	3201287	3201967	680	0.1735294
KNK001_libmerged	3278984	3279804	820	0.7121951
KNK001_libmerged	3291700	3292451	751	0.4913449
KNK001_libmerged	3303781	3304343	562	0.3683274
KNK001_libmerged	3320224	3320758	534	0.4026217
KNK001_libmerged	3380606	3381336	730	0.3136986
KNK001_libmerged	3402676	3403298	622	0.6913183
KNK001_libmerged	3421295	3422261	966	0.3530021
KNK001_libmerged	3456381	3457199	818	0.5452323
KNK001_libmerged	3461551	3462393	842	0.2410926
KNK001_libmerged	3462496	3463588	1092	0.3122711
KNK001_libmerged	3463711	3464290	579	0.1537133
KNK001_libmerged	3465074	3465781	707	0.3366337
KNK001_libmerged	3466258	3467139	881	0.3598184
KNK001_libmerged	3496469	3497033	564	0.6241135
KNK001_libmerged	3581311	3582530	1219	0.6070549
KNK001_libmerged	3593228	3594649	1421	0.4630542
KNK001_libmerged	3622392	3623162	770	0.1558442
KNK001_libmerged	3688975	3689651	676	0.5621302
KNK001_libmerged	3734137	3734745	608	0.6529605
KNK001_libmerged	4033383	4034203	820	0.3439024
KNK001_libmerged	4078236	4078959	723	0.3112033
KNK001_libmerged	4101225	4101982	757	0.5165126
KNK001_libmerged	4112051	4112791	740	0.5418919
KNK001_libmerged	4117407	4117962	555	0.2540540
KNK001_libmerged	4215340	4215871	531	0.5743880
KNK001_libmerged	4262894	4263468	574	0.3606272
KNK001_libmerged	4351970	4352590	620	0.4274194
KNK001_libmerged	4358985	4359533	548	0.3321168
KNK001_libmerged	4359974	4360546	572	0.2325175
KNK001_libmerged	4408131	4408844	713	0.2987377
KNK001_libmerged	4420455	4421130	675	0.6577778
KNK001_libmerged	4484565	4485289	724	0.4599448
KNK001_libmerged	4488841	4489414	573	0.2198953
KNK001_libmerged	4503253	4503819	566	0.1678445
KNK001_libmerged	4524908	4525413	505	0.4673267
KNK001_libmerged	4533127	4533947	820	0.2524390
KNK001_libmerged	4545296	4545940	644	0.2950311
KNK001_libmerged	4562259	4562837	578	0.4083045
KNK001_libmerged	4601370	4602409	1039	0.1424447
KNK001_libmerged	2234695	2235203	508	0.0000000
KNK001_libmerged	2438649	2439322	673	0.0000000
KZL002_libmerged	630298	675921	45623	0.0038139
KZL002_libmerged	758170	785306	27136	0.0031692
KZL002_libmerged	786017	795670	9653	0.0078732
KZL002_libmerged	795824	796358	534	0.0992509
KZL002_libmerged	1071375	1074719	3344	0.0633971
KZL002_libmerged	1124073	1125007	934	0.6017131
KZL002_libmerged	1125121	1125678	557	0.4398564
KZL002_libmerged	1235044	1244809	9765	0.0250896
KZL002_libmerged	2887088	2900725	13637	0.0085063
KZL002_libmerged	3181310	3182330	1020	0.0607843
KZL002_libmerged	3437805	3439879	2074	0.0351977
KZL002_libmerged	4101305	4102551	1246	0.0617978
KZL002_libmerged	4137897	4143325	5428	0.0073692
KZL002_libmerged	4561866	4562506	640	0.1546875
KZL002_libmerged	2234548	2235732	1184	0.0000000
KZL002_libmerged	2554180	2562909	8729	0.0000000
KZL002_libmerged	2563247	2563938	691	0.0000000
KZL002_libmerged	3118571	3127006	8435	0.0000000
KZL002_libmerged	3127163	3128457	1294	0.0000000
KZL002_libmerged	3129775	3140425	10650	0.0000000
KZL002_libmerged	3142388	3144177	1789	0.0000000
KZL002_libmerged	4000964	4005254	4290	0.0000000
MIB054_libmerged	1124386	1124934	548	0.5711679
MIB054_libmerged	1125122	1125678	556	0.5323741
MIB054_libmerged	2887089	2900730	13641	0.0200865
MIB054_libmerged	3118573	3127008	8435	0.0090101
MIB054_libmerged	3129779	3140421	10642	0.0066717
MIB054_libmerged	3142388	3144177	1789	0.0458357
MIB054_libmerged	4101303	4102547	1244	0.0884244
MIB054_libmerged	2554180	2562904	8724	0.0000000
MIB054_libmerged	3127171	3128455	1284	0.0000000
OOH003.A0102_A0103.merged.merged.samereadgroup.cleaned	1125122	1125701	579	0.3557858
OOH003.A0102_A0103.merged.merged.samereadgroup.cleaned	2887089	2900728	13639	0.0114378
OOH003.A0102_A0103.merged.merged.samereadgroup.cleaned	3437815	3439871	2056	0.1498054
OOH003.A0102_A0103.merged.merged.samereadgroup.cleaned	4101295	4102546	1251	0.0679456
OOH003.A0102_A0103.merged.merged.samereadgroup.cleaned	4102692	4103262	570	0.6228070
OOH003.A0102_A0103.merged.merged.samereadgroup.cleaned	2554183	2562897	8714	0.0000000
OOH003.A0102_A0103.merged.merged.samereadgroup.cleaned	3118564	3127007	8443	0.0000000
OOH003.A0102_A0103.merged.merged.samereadgroup.cleaned	3127176	3128453	1277	0.0000000
OOH003.A0102_A0103.merged.merged.samereadgroup.cleaned	3129777	3140420	10643	0.0000000
OOH003.A0102_A0103.merged.merged.samereadgroup.cleaned	3142392	3144177	1785	0.0000000
RISE505.MA873_L1	758185	785291	27106	0.0105143
RISE505.MA873_L1	786013	795663	9650	0.0115026
RISE505.MA873_L1	1124370	1124993	623	0.4975923
RISE505.MA873_L1	1125118	1125691	573	0.4397906
RISE505.MA873_L1	2554170	2562902	8732	0.0069858
RISE505.MA873_L1	2887052	2900719	13667	0.0071706
RISE505.MA873_L1	3118458	3127012	8554	0.0173018
RISE505.MA873_L1	3142383	3144177	1794	0.0172798
RISE505.MA873_L1	4101302	4102556	1254	0.0566188
RISE505.MA873_L1	4102690	4103266	576	0.5503472
RISE505.MA873_L1	3127171	3128454	1283	0.0000000
RISE505.MA873_L1	3129777	3140441	10664	0.0000000
RISE505.MA873_L1	3437807	3439876	2069	0.0000000
RISE509.MA877.trim.fastq.mapq0.onlymapped_	2554179	2562900	8721	0.0000000
RK1001.C0101_allcombined	252722	253321	599	0.5676127
RK1001.C0101_allcombined	276242	277179	937	0.5485592
RK1001.C0101_allcombined	288866	289409	543	0.5672191
RK1001.C0101_allcombined	315967	316554	587	0.5877342
RK1001.C0101_allcombined	347050	347692	642	0.3629284
RK1001.C0101_allcombined	407646	408527	881	0.4472191
RK1001.C0101_allcombined	408699	409322	623	0.5762440
RK1001.C0101_allcombined	409466	411248	1782	0.4416386
RK1001.C0101_allcombined	437245	437762	517	0.7098646
RK1001.C0101_allcombined	488264	488774	510	0.6137255
RK1001.C0101_allcombined	494054	494567	513	0.5380117
RK1001.C0101_allcombined	494699	495434	735	0.5727891
RK1001.C0101_allcombined	520793	521851	1058	0.5964083
RK1001.C0101_allcombined	567559	568109	550	0.5381818
RK1001.C0101_allcombined	635466	635993	527	0.3434535
RK1001.C0101_allcombined	683717	684403	686	0.5043732
RK1001.C0101_allcombined	750129	750899	770	0.5077922
RK1001.C0101_allcombined	753227	753956	729	0.5967078
RK1001.C0101_allcombined	764033	765015	982	0.3767821
RK1001.C0101_allcombined	832298	832993	695	0.3769784
RK1001.C0101_allcombined	884327	884954	627	0.5279107
RK1001.C0101_allcombined	886022	887256	1234	0.4327390
RK1001.C0101_allcombined	895364	897255	1891	0.3670016
RK1001.C0101_allcombined	910649	911316	667	0.6506746
RK1001.C0101_allcombined	953266	953838	572	0.5559441
RK1001.C0101_allcombined	954294	954925	631	0.4421553
RK1001.C0101_allcombined	989927	990460	533	0.5028142
RK1001.C0101_allcombined	1044182	1045554	1372	0.4715743
RK1001.C0101_allcombined	1065227	1065841	614	0.4592834
RK1001.C0101_allcombined	1066815	1067916	1101	0.6412352
RK1001.C0101_allcombined	1088854	1089370	516	0.6279070
RK1001.C0101_allcombined	1119131	1119795	664	0.5963855
RK1001.C0101_allcombined	1136370	1136880	510	0.5509804
RK1001.C0101_allcombined	1140695	1141240	545	0.5192661
RK1001.C0101_allcombined	1242151	1242790	639	0.3661972
RK1001.C0101_allcombined	1321710	1322544	834	0.4592326
RK1001.C0101_allcombined	1322673	1323318	645	0.4418605
RK1001.C0101_allcombined	1349645	1350302	657	0.4703196
RK1001.C0101_allcombined	1381632	1382300	668	0.4685629
RK1001.C0101_allcombined	1462148	1462752	604	0.5579470
RK1001.C0101_allcombined	1462986	1463664	678	0.6563422
RK1001.C0101_allcombined	1463851	1464435	584	0.4606164
RK1001.C0101_allcombined	1556301	1557398	1097	0.6709207
RK1001.C0101_allcombined	1640429	1641086	657	0.4687976
RK1001.C0101_allcombined	1646372	1646968	596	0.2382550
RK1001.C0101_allcombined	1675912	1676594	682	0.3108504
RK1001.C0101_allcombined	1683569	1684706	1137	0.5567282
RK1001.C0101_allcombined	1700082	1700690	608	0.4523026
RK1001.C0101_allcombined	1725061	1725729	668	0.1796407
RK1001.C0101_allcombined	1753006	1753820	814	0.4299754
RK1001.C0101_allcombined	1841438	1841989	551	0.7332124
RK1001.C0101_allcombined	1891294	1892152	858	0.5034965
RK1001.C0101_allcombined	1963047	1963552	505	0.4574257
RK1001.C0101_allcombined	1981909	1982597	688	0.7093023
RK1001.C0101_allcombined	1988711	1989494	783	0.6257982
RK1001.C0101_allcombined	2027573	2028170	597	0.5996650
RK1001.C0101_allcombined	2125626	2126171	545	0.6862385
RK1001.C0101_allcombined	2126285	2126893	608	0.4424342
RK1001.C0101_allcombined	2139519	2140099	580	0.5258621
RK1001.C0101_allcombined	2234704	2235216	512	0.3164062
RK1001.C0101_allcombined	2245836	2246336	500	0.3540000
RK1001.C0101_allcombined	2316174	2316781	607	0.1927512
RK1001.C0101_allcombined	2316894	2317527	633	0.5497630
RK1001.C0101_allcombined	2317674	2318242	568	0.6602113
RK1001.C0101_allcombined	2319086	2319721	635	0.6141732
RK1001.C0101_allcombined	2438651	2440033	1382	0.5680174
RK1001.C0101_allcombined	2446077	2446901	824	0.7888349
RK1001.C0101_allcombined	2463463	2464234	771	0.5110247
RK1001.C0101_allcombined	2466842	2467460	618	0.6763754
RK1001.C0101_allcombined	2493571	2494217	646	0.5572755
RK1001.C0101_allcombined	2495643	2496566	923	0.3846154
RK1001.C0101_allcombined	2499990	2500606	616	0.5340909
RK1001.C0101_allcombined	2518765	2519266	501	0.3932136
RK1001.C0101_allcombined	2654363	2655199	836	0.6196172
RK1001.C0101_allcombined	2707667	2708360	693	0.6810967
RK1001.C0101_allcombined	2736041	2736588	547	0.8062157
RK1001.C0101_allcombined	2813585	2814725	1140	0.4333333
RK1001.C0101_allcombined	2841436	2842007	571	0.5271454
RK1001.C0101_allcombined	2854069	2854906	837	0.6833931
RK1001.C0101_allcombined	2871950	2872705	755	0.5059603
RK1001.C0101_allcombined	2915569	2916091	522	0.6743295
RK1001.C0101_allcombined	2975096	2975654	558	0.6344086
RK1001.C0101_allcombined	2980562	2981183	621	0.5893720
RK1001.C0101_allcombined	2990638	2991231	593	0.6340641
RK1001.C0101_allcombined	3000343	3001026	683	0.3806735
RK1001.C0101_allcombined	3001725	3002227	502	0.8147410
RK1001.C0101_allcombined	3042605	3043151	546	0.6318681
RK1001.C0101_allcombined	3065427	3066133	706	0.6345609
RK1001.C0101_allcombined	3121189	3122022	833	0.3769508
RK1001.C0101_allcombined	3122963	3123464	501	0.4291417
RK1001.C0101_allcombined	3197358	3198105	747	0.5435073
RK1001.C0101_allcombined	3200046	3201995	1949	0.4571575
RK1001.C0101_allcombined	3262567	3263099	532	0.3646617
RK1001.C0101_allcombined	3310676	3311196	520	0.5596154
RK1001.C0101_allcombined	3320102	3320928	826	0.5423729
RK1001.C0101_allcombined	3358549	3359054	505	0.2435644
RK1001.C0101_allcombined	3363409	3364518	1109	0.4220018
RK1001.C0101_allcombined	3375644	3376371	727	0.5199450
RK1001.C0101_allcombined	3380547	3381300	753	0.3466136
RK1001.C0101_allcombined	3383343	3383873	530	0.5000000
RK1001.C0101_allcombined	3404821	3405365	544	0.6011029
RK1001.C0101_allcombined	3454435	3455021	586	0.5546075
RK1001.C0101_allcombined	3456535	3457143	608	0.5608553
RK1001.C0101_allcombined	3461803	3463500	1697	0.3282263
RK1001.C0101_allcombined	3463634	3466135	2501	0.4886045
RK1001.C0101_allcombined	3466259	3467690	1431	0.4276730
RK1001.C0101_allcombined	3468483	3468995	512	0.4335938
RK1001.C0101_allcombined	3592241	3593125	884	0.3223982
RK1001.C0101_allcombined	3593694	3594792	1098	0.4826958
RK1001.C0101_allcombined	3622379	3623037	658	0.4042553
RK1001.C0101_allcombined	4033551	4034418	867	0.5328720
RK1001.C0101_allcombined	4098470	4099166	696	0.3060345
RK1001.C0101_allcombined	4112394	4113173	779	0.4428755
RK1001.C0101_allcombined	4142672	4143181	509	0.6522593
RK1001.C0101_allcombined	4296656	4297189	533	0.2833021
RK1001.C0101_allcombined	4349367	4350052	685	0.4948905
RK1001.C0101_allcombined	4352161	4352827	666	0.4504505
RK1001.C0101_allcombined	4358999	4359578	579	0.5785838
RK1001.C0101_allcombined	4366079	4366753	674	0.6157270
RK1001.C0101_allcombined	4420470	4421149	679	0.2901326
RK1001.C0101_allcombined	4444389	4445103	714	0.4677871
RK1001.C0101_allcombined	4503320	4503840	520	0.6461539
RK1001.C0101_allcombined	4532715	4533518	803	0.5217932
RK1001.C0101_allcombined	4534610	4535154	544	0.6470588
RK1001.C0101_allcombined	4561824	4562604	780	0.4346154
RK1001.C0101_allcombined	4583256	4584098	842	0.5201900
RK1001.C0101_allcombined	4601455	4602353	898	0.2828508
RK1001.C0101_allcombined	4625571	4626166	595	0.6252101
RK1001.C0101_allcombined	4626705	4627649	944	0.6610169
RK1001.C0101_allcombined	2554176	2562909	8733	0.0000000
RT5_shotgun	2549040	2549771	731	0.0000000
RT5_shotgun	2554172	2562927	8755	0.0000000
VLI092.A0101_rmdup	2554181	2562901	8720	0.0000000
XXX001.A18956-61_libmerged	896693	897295	602	0.2441860
XXX001.A18956-61_libmerged	1753155	1753778	623	0.4301766
XXX001.A18956-61_libmerged	2438704	2439314	610	0.3131148
XXX001.A18956-61_libmerged	3201313	3201961	648	0.4567901
XXX001.A18956-61_libmerged	3461828	3462364	536	0.1138060
XXX001.A18956-61_libmerged	3462648	3463335	687	0.2736536
XXX001.A18956-61_libmerged	2550500	2551537	1037	0.0000000
XXX001.A18956-61_libmerged	2554177	2562911	8734	0.0000000
XXX001.A18962-69-72_libmerged	1124075	1125677	1602	0.5387016
XXX001.A18962-69-72_libmerged	2554180	2562914	8734	0.0395008
XXX001.A18962-69-72_libmerged	3200395	3200936	541	0.5914972
Y.pseudo.0.1_32.fq	402973	406703	3730	0.0000000
Y.pseudo.0.1_32.fq	406824	414844	8020	0.0000000
Y.pseudo.0.1_32.fq	658554	660478	1924	0.0000000
Y.pseudo.0.1_32.fq	796603	797181	578	0.0000000
Y.pseudo.0.1_32.fq	798882	799505	623	0.0000000
Y.pseudo.0.1_32.fq	1044269	1044954	685	0.0000000
Y.pseudo.0.1_32.fq	1046349	1047314	965	0.0000000
Y.pseudo.0.1_32.fq	1131927	1134234	2307	0.0000000
Y.pseudo.0.1_32.fq	1135286	1136416	1130	0.0000000
Y.pseudo.0.1_32.fq	1234526	1244522	9996	0.0000000
Y.pseudo.0.1_32.fq	1409708	1410352	644	0.0000000
Y.pseudo.0.1_32.fq	1413988	1415144	1156	0.0000000
Y.pseudo.0.1_32.fq	1669633	1671404	1771	0.0000000
Y.pseudo.0.1_32.fq	1671563	1676649	5086	0.0000000
Y.pseudo.0.1_32.fq	1898571	1904479	5908	0.0000000
Y.pseudo.0.1_32.fq	2064573	2065617	1044	0.0000000
Y.pseudo.0.1_32.fq	2278473	2282044	3571	0.0000000
Y.pseudo.0.1_32.fq	2362999	2364233	1234	0.0000000
Y.pseudo.0.1_32.fq	2366190	2375657	9467	0.0000000
Y.pseudo.0.1_32.fq	2376975	2390266	13291	0.0000000
Y.pseudo.0.1_32.fq	2390933	2402849	11916	0.0000000
Y.pseudo.0.1_32.fq	2541165	2541926	761	0.0000000
Y.pseudo.0.1_32.fq	2553997	2562897	8900	0.0000000
Y.pseudo.0.1_32.fq	2763497	2764029	532	0.0000000
Y.pseudo.0.1_32.fq	2785156	2787174	2018	0.0000000
Y.pseudo.0.1_32.fq	2813578	2815093	1515	0.0000000
Y.pseudo.0.1_32.fq	2853940	2854975	1035	0.0000000
Y.pseudo.0.1_32.fq	2894357	2895583	1226	0.0000000
Y.pseudo.0.1_32.fq	3224020	3224668	648	0.0000000
Y.pseudo.0.1_32.fq	3228855	3229399	544	0.0000000
Y.pseudo.0.1_32.fq	3320236	3320758	522	0.0000000
Y.pseudo.0.1_32.fq	3838873	3842187	3314	0.0000000
Y.pseudo.0.1_32.fq	4024089	4025065	976	0.0000000
Y.pseudo.0.1_32.fq	4033192	4034439	1247	0.0000000
Y.pseudo.0.1_32.fq	4098474	4099396	922	0.0000000
Y.pseudo.0.1_32.fq	4101355	4102368	1013	0.0000000
Y.pseudo.0.1_32.fq	4112436	4113474	1038	0.0000000
Y.pseudo.0.1_32.fq	4268451	4268982	531	0.0000000
Y.pseudo.0.1_32.fq	4359276	4359840	564	0.0000000
Y.pseudo.0.1_32.fq	4391440	4392659	1219	0.0000000
Y.pseudo.0.1_32.fq	4439607	4440132	525	0.0000000
Y.pseudo.0.1_32.fq	4444142	4444696	554	0.0000000
Y.pseudo.0.1_32.fq	4445328	4447112	1784	0.0000000
Y.pseudo.0.1_32.fq	4483667	4485015	1348	0.0000000
Y.pseudo.0.1_32.fq	4533729	4534363	634	0.0000000
Y.pseudo.0.1_32.fq	4541944	4542820	876	0.0000000
Y.pseudo.0.1_32.fq	4542937	4547615	4678	0.0000000
